# different words in input: 27485
APHash: 1.00000000
BKDRHash: 1.00000000
FNVHash: 1.00000000
RSHash: 1.00000000
SDBMHash: 1.00000000
DJBHash: 1.00043667
JSHash: 1.00043667
DEKHash: 1.00685506
ELFHash: 1.01499141
PJWHash: 1.01499141
BPHash: 17.56831334
